9781558608597
9781558608351
9780201616217
9780321122445
9781558605084
9780072835564
9780125571890
9780126565614
9781558609204
9780201729146
9780201179286
9780321213341
9781555583002
9781558608344
9781555582395
9780321268280
9780072374162
9780201719567
9780201896831
9780131856455
9780321418494
9781558607019
9781558608108
9780201809381
9780131410794
9780131401600
9780201558029
9780201489163
9780201741285
9781558606395
9780131739024
9780134999975
9780072226225
9780201433319
9780201549799
9780120121687
9780201616477
9780321320735
9780131857575
9780026648172
9780201895506
9780321181435
9780321294319
9780072223194
9780028055879
9780805316704
9780072253658
9780133350685
9780201719543
9780122384523
9781558607231
9780072978902
9781558608320
9780321119049
9780201563825
9780750661232
9780321194985
9780201616460
9780321340795
9780201741292
9780072263206
9781558605299
9780123695130
9780123694041
9780122661709
9781558608566
9780201517972
9780201896848
9780321180599
9780321399427
9780201895513
9780131972599
9780321294326
9780321262516
9780079136787
9780072254914
9781558609242
9780805301434
9780131463059
9780120121663
9780201137446
9780201436648
9781558609006
9780130481900
9780131018570
9780120421718
9780201754544
9780201407099
9780120121656
9780750697002
9780131453494
9780028055893
9780672324086
9781555583286
9780201616408
9780072397024
9780130340740
9780130853752
9780750674744
9780201719369
9781558608382
9780321412997
9780201309836
9780071374736
9780120121670
9780321210265
9780072371925
9780201604429
9780750664714
9780750698580
9780131483989
9780750672573
9780028055886
9781576760826
9781555583279
9780131194595
9780750697019
9781555582180
9780131856448
9780321169518
9780072500172
9780201183993
9780750661416
9780201733860
9780750695084
9780201433364
9780201719345
9780201776317
9780073660967
9780201707120
9780072930962
9780201734959
9780201711615
9781558608368
9780201728286
9780750695091
9780120121649
9780201699692
9781558606180
9780201184617
9780124660519
9780072253603
9780201700732
9780124841406
9780120884827
9780121631031
9780201768107
9780321197849
9780201485189
9780130319951
9781576761052
9781558608757
9780321194336
9780072337389
9781558604155
9780321305961
9780201407211
9780201707199
9780201593884
9781555583408
9780201633627
9780321136206
9780201710120
9780201853926
9781555582555
9780124438958
9780201853940
9781558608740
9780120510405
9780028048918
9781558604384
9781555582791
9780201721485
9780201634976
9780321349798
9780121631048
9780127887746
9780201734102
9780201608427
9780672321467
9780201609998
9780321113559
9780130132499
9780201853933
9781558603042
9781558606791
9780750696524
9780201749601
9780201547771
9780072845501
9781576760185
9780321303325
9780201657821
9780131679955
9781558606555
9780321197863
9780201309805
9780201619102
9781558605466
9781558604377
9780072263848
9780201734119
9780073528328
9780124438750
9780321160775
9780072230932
9781555582777
9780750676564
9780124730519
9781555582531
9780750673297
9780321466754
9780201722314
9780201612943
9780126853520
9781558608726
9780201634952
9780131525238
9781558605695
9781558607873
9780321113580
9780072390841
9781558608719
9780121403102
9780201700534
9780201702712
9781555582760
9781555581671
9780750696548
9781558606371
9780201634921
9780750664554
9780321136497
9781558608313
9780028048970
9780201896855
9780805325478
9780321243621
9780321166074
9781555581268
9781555583446
9780078227813
9780750696555
9780321313799
9780750673273
9781555583200
9781558601918
9780321336439
9781558606364
9781558607453
9780137689958
9780321440303
9780201725889
9781558604186
9781555582593
9780131976290
9780131853546
9780201715842
9780072227765
9781558608306
9780201714999
9780070379909
9781558607699
9780201548877
9780321193674
9780071357814
9781558601901
9780125062305
9780028005942
9780120958115
9780072232066
9780131427815
9781558606593
9780121631055
9780120121489
9780201709155
9780321349965
9781558608535
9780321349958
9780131436978
9780321369574
9780201710144
9780321166098
9780139194245
9780131491793
9780072456103
9780201770612
9780321304865
9781558608528
9780201616262
9781576761069
9780321112293
9781558606586
9781558608764
9780201753066
9780201709148
9780132212113
9780201710373
9781555581237
9780123725011
9781555582562
9780201612530
9780072224986
9780750670630
9780201756081
9780321321374
9780321349941
9781558605886
9781558606975
9781558604551
9780073195995
9780750672818
9780201634563
9780071409278
9780123704528
9781576760598
9780201543308
9780073304274
9780130304186
9781555582951
9780122941511
9780072843996
9780201750768
9780201752946
9781558603691
9780131424159
9780750670623
9780321267511
9781558604544
9780321322210
9781558606722
9781558608900
9780201722291
9780072478808
9780321321367
9781576760352
9780201563177
9780340700143
9780444520876
9780201489804
9780072259605
9780201760323
9781558604537
9780201788914
9780201737332
9780130351180
9780201773637
9780130286529
9780070259409
9780127347608
9780321427618
9780321263186
9781558603202
9780072466850
9780321268631
9780122861604
9780201619188
9781558605619
9780201924800
9780072261943
9780321154934
9781576761427
9780201737349
9780201703535
9780201533774
9780123264282
9780321118875
9780340613986
9780201379266
9780201633467
9780321197696
9780321228482
9780321256638
9780201709063
9781558603431
9780201400090
9780131986190
9780201786958
9780122090486
9780321245755
9780201711141
9780201440997
9780321334206
9780321334886
9780072226966
9780131176867
9780072941494
9780201512847
9780321219763
9780321197887
9780321228475
9780321165817
9780201523744
9781558606777
9780130369970
9780201657647
9781558604117
9780201657883
9780120884360
9780130186614
9781558606531
9780321154996
9780672323430
9780124343702
9780124287518
9781555582999
9780201703597
9781555582517
9780130914262
9780321334879
9780072232332
9780072231243
9780072226959
9780201771688
9781558604582
9780127427515
9780321118899
9781558602168
9781558604346
9780201379242
9780750658959
9781558608702
9780201775808
9780750677462
9781555582746
9781558607606
9781558606517
9780071362078
9780750676137
9780201703108
9780121604523
9780131735798
9781555582982
9780201310153
9780321356413
9781558601062
9780072467505
9780201740950
9780321321350
9780321224095
9780201483260
9780201432947
9780201634501
9780201379235
9780072958706
9781558603486
9780201760316
9780071345545
9781555582739
9780321197672
9780201563184
9780201784725
9780072552584
9780201343045
9781555582975
9780072499544
9780072830613
9780321356406
9780321335722
9780072944792
9780321227355
9780123490407
9781558607835
9781558608924
9780130166388
9780123693792
9780072958713
9781558604568
9781558602144
9780130858504
9781558604322
9780321397966
9780201657609
9781558606739
9781558607828
9780201325645
9781558608917
9780201729931
9780672323423
9780321486813
9780201612738
9780321418708
9780201799408
9780131013766
9781558609167
9780201357424
9780321268457
9780321396891
9781558602533
9780321436757
9780201379457
9780124499683
9780750679299
9780120121618
9780321180605
9780321397973
9780123695314
9780201539219
9780321330239
9780201738261
9780072565089
9780123706096
9780130313980
9780130467096
9780321335708
9780750690898
9781558602762
9780120121632
9780201325812
9780321341389
9780123694461
9780201615630
9780130484406
9780321180612
9780028049212
9780201704471
9780072255881
9781576760741
9780201648560
9780120121625
9780321423436
9781558609150
9780201699470
9780201433173
9780321490292
9780131238039
9780201752793
9780132141710
9780321312839
9781558609143
9780131872899
9780321321312
9780201379433
9780072231465
9780321321305
9780028055916
9780132237383
9780321334619
9780201738278
9780080439976
9781558608290
9780131869004
9780321227317
9781555583187
9780321330253
9781558609136
9780131492028
9780201100884
9780120885602
9780444506733
9781558608283
9780201615890
9780321116291
9780201398557
9780028055909
9780120959709
9781576760963
9780072232325
9780072231236
9781558602977
9780120121601
9780201622171
9780072256758
9780321330246
9780072976755
9780120884766
9780072255607
9780123695123
9780126567557
9780201823769
9780201632187
9780131486607
9780131410800
9780121339609
9780750658553
9780201734096
9780201795257
9780201721843
9780321305497
9780130174802
9781558609198
9780127150512
9780120884773
9780201309799
9780321305015
9780201702095
9780201889543
9781555582906
9780130649348
9780321204660
9780028055923
9781558605824
9780072971293
9780201530674
9780131821064
9780201615623
9780201309560
9780070087149
9780072976779
9780201752779
9780201615869
9780321426727
9780201423396
9780321428905
9780201719758
9780124558403
9780201563337
9780672322167
9780073273273
9780321410139
9781558609181
9780131498624
9780123735850
9780073288512
9780201773446
9781558609174
9781558608085
9780750665070
9780201716238
9781558601697
9781558603875
9781558604964
9780130153906
9780201726275
9780321213358
9780201433197
9780201379617
9780201773453
9780072861983
9780073273266
9780201770186
9780321268174
9781555583132
9780201548563
9780201758818
9780120121588
9780126542615
9781558607149
9781558609327
9780321256195
9780124499836
9780201710885
9780201734850
9780321398666
9780321133458
9780072985559
9780121942755
9780321444424
9781555583125
9780750677950
9780072551877
9781555582036
9780201721522
9781555582272
9781558606043
9781558607132
9781558608221
9780201548556
9780672323911
9780120121595
9781558607378
9781558608467
9781555583118
9780126290400
9781555582029
9780750696005
9780201745764
9781558607361
9780201824674
9780321159830
9780120121564
9780201703092
9780135012062
9781558607125
9780201742251
9781558608214
9780750663519
9780131411555
9780070004849
9780750661577
9780201398151
9780335216369
9780120121557
9781555583347
9780750670067
9780028055992
9780444888143
9781558607354
9780072354676
9781555582494
9780201741179
9780201309775
9780201308204
9781558607118
9781558608207
9780072226331
9780023606922
9780028043760
9780120121571
9780124499805
9780201705027
9780072834345
9780126208627
9780130457912
9780072230666
9780750670296
9780130257864
9780750673549
9780201725933
9781558609365
9780131420441
9781555583170
9780201309942
9780072231915
9780132438629
9780120121540
9780750661317
9780132320498
9780072939200
9780124438651
9780201514599
9780123540515
9780321294012
9780750698214
9780122937859
9781878707963
9781558608023
9780321112552
9780072834321
9780072560312
9780072472509
9781558609358
9781558608269
9780201730463
9781558602717
9780321126986
9780130486233
9781558606081
9780201398182
9780124438644
9781555583156
9781555583392
9780132222204
9781558609341
9780201309720
9780201848403
9780321411754
9781558609105
9780120121519
9780321159625
9780321262202
9780321136503
9780124438675
9781555583149
9780072230611
9780321168795
9781555583385
9781558609334
9780131496705
9781558608481
9780201787337
9780072300413
9780750649445
9780130142511
9780132221580
9780201734843
9780072834307
9780131429017
9780120121526
9780124438668
9780131400856
9780132681520
9780073516677
9780073131122
9780321194459
9781558606692
9781558608870
9781558604032
9780072227857
9780201419795
9780321304513
9780201634600
9781558606456
9781558607545
9780321193124
9780321290939
9780201713749
9780072223255
9780072255096
9780201498387
9780201845198
9781555582678
9781555582432
9780072922363
9780078204616
9780201544350
9780131414631
9780321462251
9780321194442
9780073212227
9780072833430
9781558607538
9781558608627
9780201616163
9780321304520
9780072225662
9780072227840
9780072255089
9780321263544
9780201758658
9780750696401
9780130457974
9781555582661
9781555581572
9780072903621
9780750674034
9780201725957
9780201580433
9780073131146
9780321219145
9780072565850
9780321263582
9780321197986
9781576761151
9781558605107
9781558607521
9781558606432
9781558608610
9780321287502
9780321240699
9780137903955
9780201758207
9780750656832
9780672321313
9780321427229
9780201703931
9780321304780
9780201771862
9781555582890
9781558605572
9780072225648
9780201361216
9780072226973
9781558605336
9781558607514
9781558606425
9781558608603
9780201309935
9780072223224
9781558604001
9780321213822
9780321304544
9780201580426
9780120884070
9780201498370
9780072257045
9781555582647
9781555581558
9780124438620
9781555582401
9780201758672
9781555582883
9780321200983
9781558607583
9780201742039
9780321267962
9780072226324
9780072227413
9780201361209
9780201699715
9781558607347
9781558608436
9780201734409
9780321146182
9780201731149
9780131003125
9780072232172
9781555583323
9780123951717
9780750695107
9780134373775
9781558605152
9781558606241
9780138569235
9780321321282
9780201498349
9780072844528
9781558606005
9781558605398
9781558606487
9780201633719
9780201700473
9780072320862
9780201633955
9780805327304
9780125250955
9780201726848
9781558608894
9781558606470
9780123951700
9780131426603
9780123229809
9780122007514
9780321197702
9780121028206
9780125184083
9780028056005
9780340600344
9780201700466
9780072232196
9781558607552
9780321437297
9781558605374
9780201442342
9780131018600
9780125184069
9780072227864
9781558606227
9781558607798
9780321150400
9780072830583
9780321369444
9780321336781
9780201441246
9780201550603
9780201791662
9781555581596
9780201310054
9780201498417
9780201615920
9780201485585
9780072254280
9781558606852
9780321136176
9781558604674
9780125852630
9780672322266
9780321108944
9781555582838
9780201590654
9780750678483
9780072966237
9780750681889
9781555580414
9781555580896
9780131176553
9780122205316
9780750696913
9780321194046
9781558606845
9780127323503
9780131485211
9780201634457
9781558605756
9780321228383
9780072967791
9780123694737
9780321426420
9780750681872
9780073101569
9781558607927
9781558605749
9780201612431
9780078216770
9780120884223
9780201634426
9780750670739
9780201596182
9780201634662
9780121981570
9781578702763
9780131426481
9780201787917
9780672323577
9780750681865
9781558605978
9780028044071
9781555582814
9780072231182
9780750667319
9780126443752
9780201615937
9780072978476
9780120887989
9780201741957
9780201876741
9780750694995
9780201310085
9780072999389
9780201752847
9780201633580
9781558609099
9780201695847
9780072872156
9780130460998
9780321349804
9780201029888
9780201711028
9781555582807
9781558601369
9781558602458
9780321108951
9781558603547
9780201787924
9780120887972
9781558607903
9780201737233
9780131474345
9780750681858
9780201702798
9780130494986
9780072231199
9780201895490
9781558606890
9780201379372
9780201749625
9781576760284
9780201695878
9781558607989
9780321228352
9780072225754
9780131409095
9780750681841
9780201483598
9780123705938
9780321155726
9780201702385
9780201608359
9781555582630
9780321228109
9780201634891
9780201775921
9780321245663
9780321227256
9780201746129
9780126445510
9780201379365
9780131426412
9780201895025
9781558604469
9781576761366
9781558605794
9781558607972
9781558606883
9781576761359
9780130652478
9780340645888
9780201787900
9780201325744
9780123705921
9780201485523
9780201704310
9780120887996
9780072830767
9780130284464
9780201608373
9780127748603
9780201310030
9780321136190
9780201634624
9780130411617
9781558606876
9780201674712
9780072337488
9780130353009
9780201781342
9780201760439
9780201485554
9780201761764
9780321127006
9780072966213
9780131541573
9780201325775
9780201701036
9781555582852
9780201407877
9780750679992
9780321245441
9780070089853
9780444505569
9780201674729
9780321246776
9780321227232
9781558604445
9780201633542
9780201752809
9780201722192
9780201695892
9780130654878
9780750677561
9781576760246
9781555582609
9780672323546
9780201760422
9780201657968
9780201609219
9780321268778
9780130888921
9780321185563
9780321205216
9781555581992
9780124383807
9780321246783
9780750698009
9780240807942
9780321174048
9780321154200
9780123694591
9780201615760
9780805375664
9780201325706
9781558604827
9780122513411
9780072229233
9780201844542
9780072255539
9781558608191
9780321356987
9780120828104
9780072944846
9780201713060
9780201615753
9780201675160
9780201776416
9780321202178
9780201615999
9780201379563
9780805375657
9780673999863
9780201483543
9780131453203
9780201563450
9780120121502
9780321245458
9780321293534
9780201622072
9780072847154
9780201767919
9780321482754
9780750661409
9780201751581
9780321206749
9781558608177
9781555583071
9780201357523
9780201563658
9780321218735
9780201632088
9780131482111
9780321154897
9780201704341
9780201729207
9780201775785
9780073132907
9780201183955
9780131496989
9781555583064
9781558609013
9780321399830
9780201325713
9780321269676
9780124499775
9780201824704
9780201844528
9780123735775
9780201433036
9780130669483
9780201398441
9780201704334
9780321237620
9780124477513
9780070137783
9781558608160
9780201648669
9780201604641
9780321129475
9780321166463
9780201774221
9780071362856
9780321350176
9780735711921
9780124650305
9780131227064
9780072263350
9780321133540
9780121674519
9780201309669
9781558605961
9780201634488
9780201379532
9780201477085
9781558604629
9781558605718
9780201563245
9780750658676
9780750660983
9780201708523
9780201834543
9780072254648
9780321356703
9780750699389
9780123116338
9780201489293
9780201615715
9780321247445
9781558609075
9781558605954
9780124499751
9781558603530
9780072944815
9780201395198
9780750678032
9780122374715
9780131857582
9781558605947
9780201379518
9780750660754
9780321382184
9780321447746
9780201794274
9780072254631
9780321205636
9780201770049
9781558609068
9780321304292
9780201309447
9780131482395
9780123735966
9781558605701
9780201615982
9780201657586
9780201703290
9780201633375
9780201634464
9780201157673
9780321174031
9780131452541
9780672325311
9780201604610
9780127425030
9780125662512
9780072944822
9780201796445
9780201633382
9781558609297
9780201719628
9781558603752
9781558605930
9780321268389
9780072835595
9780130920652
9780201422191
9780201847604
9780201612462
9780201379501
9780750681896
9780122290633
9780072229240
9780130602398
9780201258288
9780805321661
9780201775754
9780120887934
9780321205612
9780120455997
